window_size:[400, 600, 800, 1000]
learn_rate:[0.008]
conv_rate:[0.004]
min_period:[300]
max_period:[400, 600, 1000, 1200, 1400, 1600]
init_flux:[5.0, 5.5, 6.0, 6.5, 7.0]
max_flux:[8]
duration:[2000]
size:[2]
generator_type:['RPG']
tolerance:[0.0]
neuron_configuration:[[0]]
Genomes:
0.4531821065981403, -0.21840041543422606, -0.5144360066364275, -0.16558370603811956, -0.4298820051534791, 0.41912062080264345, 0.12140718262930572, 0.5245244288459101

0.04932272905177415, 0.579661989774886, -0.12112362460075166, 0.3780813414433599, 0.48285404449700176, -0.6474113078721717, -0.4484434097115326, 0.8438995833539902

-0.7637570709859938, 0.706252838877667, 0.9951418299775363, 0.3944300560825511, 0.25342433047794755, -0.03661191648589601, 0.616681529990418, 0.4919087520745813

